Sample	Chromosome	Start	End	Num_Probes	Segment_Mean
FAMED_p_TCGAb66and76_SNP_N_GenomeWideSNP_6_H10_730114	1	3301765	35144061	17195	0.1041
FAMED_p_TCGAb66and76_SNP_N_GenomeWideSNP_6_H10_730114	1	35145912	62004963	15799	0.0699
FAMED_p_TCGAb66and76_SNP_N_GenomeWideSNP_6_H10_730114	1	62006470	63022557	661	0.1005
FAMED_p_TCGAb66and76_SNP_N_GenomeWideSNP_6_H10_730114	1	63022596	64893513	1404	0.0386
FAMED_p_TCGAb66and76_SNP_N_GenomeWideSNP_6_H10_730114	1	64893527	84150390	11568	0.0126
FAMED_p_TCGAb66and76_SNP_N_GenomeWideSNP_6_H10_730114	1	84151467	96048558	7520	0.051
FAMED_p_TCGAb66and76_SNP_N_GenomeWideSNP_6_H10_730114	1	96049515	107061283	6135	0.001
FAMED_p_TCGAb66and76_SNP_N_GenomeWideSNP_6_H10_730114	1	107061554	110273092	1758	0.0707
FAMED_p_TCGAb66and76_SNP_N_GenomeWideSNP_6_H10_730114	1	110273530	111612005	956	0.0019
FAMED_p_TCGAb66and76_SNP_N_GenomeWideSNP_6_H10_730114	1	111612059	157974363	9295	0.0614
FAMED_p_TCGAb66and76_SNP_N_GenomeWideSNP_6_H10_730114	1	157975155	159126311	763	-0.0142
FAMED_p_TCGAb66and76_SNP_N_GenomeWideSNP_6_H10_730114	1	159128584	170352315	8140	0.0506
FAMED_p_TCGAb66and76_SNP_N_GenomeWideSNP_6_H10_730114	1	170352336	177212688	3883	0.0212
FAMED_p_TCGAb66and76_SNP_N_GenomeWideSNP_6_H10_730114	1	177215587	185038956	5199	0.0613
FAMED_p_TCGAb66and76_SNP_N_GenomeWideSNP_6_H10_730114	1	185039339	193135114	4739	-0.0244
FAMED_p_TCGAb66and76_SNP_N_GenomeWideSNP_6_H10_730114	1	193135128	194675691	1104	0.0375
FAMED_p_TCGAb66and76_SNP_N_GenomeWideSNP_6_H10_730114	1	194677712	199715415	2759	-0.0186
FAMED_p_TCGAb66and76_SNP_N_GenomeWideSNP_6_H10_730114	1	199720768	215883006	10801	0.0621
FAMED_p_TCGAb66and76_SNP_N_GenomeWideSNP_6_H10_730114	1	215884376	221834497	4115	-5e-04
FAMED_p_TCGAb66and76_SNP_N_GenomeWideSNP_6_H10_730114	1	221834684	222804641	575	0.0289
FAMED_p_TCGAb66and76_SNP_N_GenomeWideSNP_6_H10_730114	1	222807250	235169152	7780	0.0622
FAMED_p_TCGAb66and76_SNP_N_GenomeWideSNP_6_H10_730114	1	235177367	238627933	2562	0.0199
FAMED_p_TCGAb66and76_SNP_N_GenomeWideSNP_6_H10_730114	1	238628495	239629975	688	0.0871
FAMED_p_TCGAb66and76_SNP_N_GenomeWideSNP_6_H10_730114	1	239630708	244358838	3284	0.0141
FAMED_p_TCGAb66and76_SNP_N_GenomeWideSNP_6_H10_730114	1	244361625	247650984	1387	0.0818
FAMED_p_TCGAb66and76_SNP_N_GenomeWideSNP_6_H10_730114	2	480597	8102838	4634	0.0258
FAMED_p_TCGAb66and76_SNP_N_GenomeWideSNP_6_H10_730114	2	8103067	11782861	2501	0.0857
FAMED_p_TCGAb66and76_SNP_N_GenomeWideSNP_6_H10_730114	2	11784368	13943518	1472	0.0107
FAMED_p_TCGAb66and76_SNP_N_GenomeWideSNP_6_H10_730114	2	13944791	15110346	769	0.1031
FAMED_p_TCGAb66and76_SNP_N_GenomeWideSNP_6_H10_730114	2	15111245	18187474	2134	0.0317
FAMED_p_TCGAb66and76_SNP_N_GenomeWideSNP_6_H10_730114	2	18191389	18380707	153	-0.7223
FAMED_p_TCGAb66and76_SNP_N_GenomeWideSNP_6_H10_730114	2	18387709	41726146	13030	0.0358
FAMED_p_TCGAb66and76_SNP_N_GenomeWideSNP_6_H10_730114	2	41726445	47734006	4093	0.0708
FAMED_p_TCGAb66and76_SNP_N_GenomeWideSNP_6_H10_730114	2	47735973	52747321	2583	0.0028
FAMED_p_TCGAb66and76_SNP_N_GenomeWideSNP_6_H10_730114	2	52747820	56626027	2130	0.0449
FAMED_p_TCGAb66and76_SNP_N_GenomeWideSNP_6_H10_730114	2	56626055	59875633	1912	-0.0146
FAMED_p_TCGAb66and76_SNP_N_GenomeWideSNP_6_H10_730114	2	59877786	66377204	3655	0.044
FAMED_p_TCGAb66and76_SNP_N_GenomeWideSNP_6_H10_730114	2	66378436	69061928	1723	-0.0014
FAMED_p_TCGAb66and76_SNP_N_GenomeWideSNP_6_H10_730114	2	69062600	75946537	3881	0.0604
FAMED_p_TCGAb66and76_SNP_N_GenomeWideSNP_6_H10_730114	2	75947467	84054724	4306	0.0029
FAMED_p_TCGAb66and76_SNP_N_GenomeWideSNP_6_H10_730114	2	84056785	101882815	5015	0.0623
FAMED_p_TCGAb66and76_SNP_N_GenomeWideSNP_6_H10_730114	2	101887988	104603859	1698	0.0027
FAMED_p_TCGAb66and76_SNP_N_GenomeWideSNP_6_H10_730114	2	104609118	114523528	5072	0.0635
FAMED_p_TCGAb66and76_SNP_N_GenomeWideSNP_6_H10_730114	2	114524088	116667464	1104	5e-04
FAMED_p_TCGAb66and76_SNP_N_GenomeWideSNP_6_H10_730114	2	116674615	122116338	2952	0.069
FAMED_p_TCGAb66and76_SNP_N_GenomeWideSNP_6_H10_730114	2	122118709	123428657	872	0.0026
FAMED_p_TCGAb66and76_SNP_N_GenomeWideSNP_6_H10_730114	2	123430163	123430190	2	1.1905
FAMED_p_TCGAb66and76_SNP_N_GenomeWideSNP_6_H10_730114	2	123430408	126701182	1171	-0.0067
FAMED_p_TCGAb66and76_SNP_N_GenomeWideSNP_6_H10_730114	2	126701745	129058948	1390	0.0774
FAMED_p_TCGAb66and76_SNP_N_GenomeWideSNP_6_H10_730114	2	129059587	137269530	4109	0.0157
FAMED_p_TCGAb66and76_SNP_N_GenomeWideSNP_6_H10_730114	2	137269547	146760600	5095	-0.0356
FAMED_p_TCGAb66and76_SNP_N_GenomeWideSNP_6_H10_730114	2	146762791	146839405	42	0.1268
FAMED_p_TCGAb66and76_SNP_N_GenomeWideSNP_6_H10_730114	2	146839914	167146752	11777	0.0168
FAMED_p_TCGAb66and76_SNP_N_GenomeWideSNP_6_H10_730114	2	167146832	174126815	4562	0.0561
FAMED_p_TCGAb66and76_SNP_N_GenomeWideSNP_6_H10_730114	2	174131659	188863265	7858	0.0055
FAMED_p_TCGAb66and76_SNP_N_GenomeWideSNP_6_H10_730114	2	188871582	208652840	10693	0.0374
FAMED_p_TCGAb66and76_SNP_N_GenomeWideSNP_6_H10_730114	2	208653718	216041547	4410	-0.0122
FAMED_p_TCGAb66and76_SNP_N_GenomeWideSNP_6_H10_730114	2	216041570	232474838	9985	0.038
FAMED_p_TCGAb66and76_SNP_N_GenomeWideSNP_6_H10_730114	2	232474959	241537572	5639	0.0795
FAMED_p_TCGAb66and76_SNP_N_GenomeWideSNP_6_H10_730114	3	2170634	4463040	1231	0.0045
FAMED_p_TCGAb66and76_SNP_N_GenomeWideSNP_6_H10_730114	3	4463971	15291599	6836	0.0696
FAMED_p_TCGAb66and76_SNP_N_GenomeWideSNP_6_H10_730114	3	15292044	29414666	8105	0.015
FAMED_p_TCGAb66and76_SNP_N_GenomeWideSNP_6_H10_730114	3	29415223	67113457	22114	0.056
FAMED_p_TCGAb66and76_SNP_N_GenomeWideSNP_6_H10_730114	3	67114167	79026761	7463	0.0225
FAMED_p_TCGAb66and76_SNP_N_GenomeWideSNP_6_H10_730114	3	79028316	79053403	11	-0.9134
FAMED_p_TCGAb66and76_SNP_N_GenomeWideSNP_6_H10_730114	3	79055903	114555894	16861	0.0133
FAMED_p_TCGAb66and76_SNP_N_GenomeWideSNP_6_H10_730114	3	114558733	114891133	200	-0.8707
FAMED_p_TCGAb66and76_SNP_N_GenomeWideSNP_6_H10_730114	3	114893017	116789043	1251	0.0078
FAMED_p_TCGAb66and76_SNP_N_GenomeWideSNP_6_H10_730114	3	116790621	116791345	2	-1.3874
FAMED_p_TCGAb66and76_SNP_N_GenomeWideSNP_6_H10_730114	3	116791836	122961902	3537	0.0306
FAMED_p_TCGAb66and76_SNP_N_GenomeWideSNP_6_H10_730114	3	122962194	129737506	3969	0.0728
FAMED_p_TCGAb66and76_SNP_N_GenomeWideSNP_6_H10_730114	3	129741175	143478919	7619	0.0411
FAMED_p_TCGAb66and76_SNP_N_GenomeWideSNP_6_H10_730114	3	143479107	145790989	1321	-0.0244
FAMED_p_TCGAb66and76_SNP_N_GenomeWideSNP_6_H10_730114	3	145791401	163217053	9136	0.0259
FAMED_p_TCGAb66and76_SNP_N_GenomeWideSNP_6_H10_730114	3	163221128	167884604	1986	-0.0081
FAMED_p_TCGAb66and76_SNP_N_GenomeWideSNP_6_H10_730114	3	167884889	177575686	4981	0.0526
FAMED_p_TCGAb66and76_SNP_N_GenomeWideSNP_6_H10_730114	3	177580222	182250381	2606	-0.0035
FAMED_p_TCGAb66and76_SNP_N_GenomeWideSNP_6_H10_730114	3	182251506	190841798	5052	0.0576
FAMED_p_TCGAb66and76_SNP_N_GenomeWideSNP_6_H10_730114	3	190843227	193153813	1320	0.01
FAMED_p_TCGAb66and76_SNP_N_GenomeWideSNP_6_H10_730114	3	193153849	197812401	1765	0.0791
FAMED_p_TCGAb66and76_SNP_N_GenomeWideSNP_6_H10_730114	4	1059384	12221941	6389	0.0901
FAMED_p_TCGAb66and76_SNP_N_GenomeWideSNP_6_H10_730114	4	12223991	18627968	4565	0.041
FAMED_p_TCGAb66and76_SNP_N_GenomeWideSNP_6_H10_730114	4	18628484	21822617	2062	-0.0078
FAMED_p_TCGAb66and76_SNP_N_GenomeWideSNP_6_H10_730114	4	21823475	27757536	3840	0.0592
FAMED_p_TCGAb66and76_SNP_N_GenomeWideSNP_6_H10_730114	4	27759451	36303488	4979	-0.0157
FAMED_p_TCGAb66and76_SNP_N_GenomeWideSNP_6_H10_730114	4	36303642	42830966	4116	0.055
FAMED_p_TCGAb66and76_SNP_N_GenomeWideSNP_6_H10_730114	4	42831775	42834381	2	-2.0701
FAMED_p_TCGAb66and76_SNP_N_GenomeWideSNP_6_H10_730114	4	42835666	52405115	2793	0.0127
FAMED_p_TCGAb66and76_SNP_N_GenomeWideSNP_6_H10_730114	4	52405356	52452202	31	0.1137
FAMED_p_TCGAb66and76_SNP_N_GenomeWideSNP_6_H10_730114	4	52457348	52478797	6	0.7261
FAMED_p_TCGAb66and76_SNP_N_GenomeWideSNP_6_H10_730114	4	52483151	54190477	1030	-0.8177
FAMED_p_TCGAb66and76_SNP_N_GenomeWideSNP_6_H10_730114	4	54190506	54353318	198	-0.6214
FAMED_p_TCGAb66and76_SNP_N_GenomeWideSNP_6_H10_730114	4	54355243	54709189	396	-0.7937
FAMED_p_TCGAb66and76_SNP_N_GenomeWideSNP_6_H10_730114	4	54709220	54716309	12	0.1938
FAMED_p_TCGAb66and76_SNP_N_GenomeWideSNP_6_H10_730114	4	54717935	59528688	2858	-0.8291
FAMED_p_TCGAb66and76_SNP_N_GenomeWideSNP_6_H10_730114	4	59533082	73230058	6883	-0.0021
FAMED_p_TCGAb66and76_SNP_N_GenomeWideSNP_6_H10_730114	4	73233118	79034551	3671	0.0678
FAMED_p_TCGAb66and76_SNP_N_GenomeWideSNP_6_H10_730114	4	79035549	81061865	1058	0.0012
FAMED_p_TCGAb66and76_SNP_N_GenomeWideSNP_6_H10_730114	4	81065630	84001175	1845	0.0648
FAMED_p_TCGAb66and76_SNP_N_GenomeWideSNP_6_H10_730114	4	84002793	86347967	1461	0.0047
FAMED_p_TCGAb66and76_SNP_N_GenomeWideSNP_6_H10_730114	4	86348190	90191797	2222	0.0526
FAMED_p_TCGAb66and76_SNP_N_GenomeWideSNP_6_H10_730114	4	90193828	95180023	2560	0.0116
FAMED_p_TCGAb66and76_SNP_N_GenomeWideSNP_6_H10_730114	4	95180182	97972325	1635	-0.0244
FAMED_p_TCGAb66and76_SNP_N_GenomeWideSNP_6_H10_730114	4	97972570	129451533	17627	0.0232
FAMED_p_TCGAb66and76_SNP_N_GenomeWideSNP_6_H10_730114	4	129451879	137396008	3739	-0.0244
FAMED_p_TCGAb66and76_SNP_N_GenomeWideSNP_6_H10_730114	4	137402558	153209164	9015	0.0321
FAMED_p_TCGAb66and76_SNP_N_GenomeWideSNP_6_H10_730114	4	153209702	153327754	82	-0.8364
FAMED_p_TCGAb66and76_SNP_N_GenomeWideSNP_6_H10_730114	4	153333093	182458704	16436	0.0146
FAMED_p_TCGAb66and76_SNP_N_GenomeWideSNP_6_H10_730114	4	182460131	187842528	2187	0.085
FAMED_p_TCGAb66and76_SNP_N_GenomeWideSNP_6_H10_730114	5	913983	5736528	3355	0.0388
FAMED_p_TCGAb66and76_SNP_N_GenomeWideSNP_6_H10_730114	5	5745075	11175976	4049	0.0673
FAMED_p_TCGAb66and76_SNP_N_GenomeWideSNP_6_H10_730114	5	11181501	12647520	961	-0.0051
FAMED_p_TCGAb66and76_SNP_N_GenomeWideSNP_6_H10_730114	5	12650064	17890935	2667	0.0918
FAMED_p_TCGAb66and76_SNP_N_GenomeWideSNP_6_H10_730114	5	17891055	30933558	6882	-0.0035
FAMED_p_TCGAb66and76_SNP_N_GenomeWideSNP_6_H10_730114	5	30939595	35381271	2573	0.0558
FAMED_p_TCGAb66and76_SNP_N_GenomeWideSNP_6_H10_730114	5	35381376	59023790	10949	0.0193
FAMED_p_TCGAb66and76_SNP_N_GenomeWideSNP_6_H10_730114	5	59032734	59190570	155	-0.8663
FAMED_p_TCGAb66and76_SNP_N_GenomeWideSNP_6_H10_730114	5	59194305	81361870	11969	0.0469
FAMED_p_TCGAb66and76_SNP_N_GenomeWideSNP_6_H10_730114	5	81362726	121800702	21631	0.0056
FAMED_p_TCGAb66and76_SNP_N_GenomeWideSNP_6_H10_730114	5	121801286	130433086	5138	0.0413
FAMED_p_TCGAb66and76_SNP_N_GenomeWideSNP_6_H10_730114	5	130435607	130539156	49	-0.8297
FAMED_p_TCGAb66and76_SNP_N_GenomeWideSNP_6_H10_730114	5	130549462	133077047	1257	0.0297
FAMED_p_TCGAb66and76_SNP_N_GenomeWideSNP_6_H10_730114	5	133082150	136406562	2288	0.0834
FAMED_p_TCGAb66and76_SNP_N_GenomeWideSNP_6_H10_730114	5	136406988	148872221	7302	0.0411
FAMED_p_TCGAb66and76_SNP_N_GenomeWideSNP_6_H10_730114	5	148874545	149183327	230	0.9577
FAMED_p_TCGAb66and76_SNP_N_GenomeWideSNP_6_H10_730114	5	149190120	150092922	621	0.6167
FAMED_p_TCGAb66and76_SNP_N_GenomeWideSNP_6_H10_730114	5	150097988	150290193	148	0.9835
FAMED_p_TCGAb66and76_SNP_N_GenomeWideSNP_6_H10_730114	5	150293212	150431360	68	0.6309
FAMED_p_TCGAb66and76_SNP_N_GenomeWideSNP_6_H10_730114	5	150432022	150454389	8	0.1097
FAMED_p_TCGAb66and76_SNP_N_GenomeWideSNP_6_H10_730114	5	150455155	150780360	210	0.6
FAMED_p_TCGAb66and76_SNP_N_GenomeWideSNP_6_H10_730114	5	150789328	170499625	13115	-0.8333
FAMED_p_TCGAb66and76_SNP_N_GenomeWideSNP_6_H10_730114	5	170499835	175902030	3582	-0.7818
FAMED_p_TCGAb66and76_SNP_N_GenomeWideSNP_6_H10_730114	5	175902239	176269853	22	-0.2447
FAMED_p_TCGAb66and76_SNP_N_GenomeWideSNP_6_H10_730114	5	176283552	176616332	165	-0.7807
FAMED_p_TCGAb66and76_SNP_N_GenomeWideSNP_6_H10_730114	5	176617903	180934240	1884	0.0595
FAMED_p_TCGAb66and76_SNP_N_GenomeWideSNP_6_H10_730114	6	1011760	7952683	5161	0.0814
FAMED_p_TCGAb66and76_SNP_N_GenomeWideSNP_6_H10_730114	6	7953081	33464592	14539	0.0385
FAMED_p_TCGAb66and76_SNP_N_GenomeWideSNP_6_H10_730114	6	33467502	48067965	9006	0.0741
FAMED_p_TCGAb66and76_SNP_N_GenomeWideSNP_6_H10_730114	6	48069715	51660530	1929	0.0161
FAMED_p_TCGAb66and76_SNP_N_GenomeWideSNP_6_H10_730114	6	51664186	55168857	2349	0.07
FAMED_p_TCGAb66and76_SNP_N_GenomeWideSNP_6_H10_730114	6	55168936	65072090	2955	0.0262
FAMED_p_TCGAb66and76_SNP_N_GenomeWideSNP_6_H10_730114	6	65075622	73095151	4699	-0.0034
FAMED_p_TCGAb66and76_SNP_N_GenomeWideSNP_6_H10_730114	6	73095368	89531720	9259	0.0373
FAMED_p_TCGAb66and76_SNP_N_GenomeWideSNP_6_H10_730114	6	89532475	93668182	2643	-0.0242
FAMED_p_TCGAb66and76_SNP_N_GenomeWideSNP_6_H10_730114	6	93668915	101737347	3863	0.0074
FAMED_p_TCGAb66and76_SNP_N_GenomeWideSNP_6_H10_730114	6	101737988	104317869	1362	-0.0475
FAMED_p_TCGAb66and76_SNP_N_GenomeWideSNP_6_H10_730114	6	104317947	118059592	8190	0.0329
FAMED_p_TCGAb66and76_SNP_N_GenomeWideSNP_6_H10_730114	6	118060193	124536127	3357	-0.0076
FAMED_p_TCGAb66and76_SNP_N_GenomeWideSNP_6_H10_730114	6	124536845	139355721	9603	0.0338
FAMED_p_TCGAb66and76_SNP_N_GenomeWideSNP_6_H10_730114	6	139356272	149680684	6159	0.0092
FAMED_p_TCGAb66and76_SNP_N_GenomeWideSNP_6_H10_730114	6	149680830	151834387	1464	0.0564
FAMED_p_TCGAb66and76_SNP_N_GenomeWideSNP_6_H10_730114	6	151834932	153725602	1413	-0.0234
FAMED_p_TCGAb66and76_SNP_N_GenomeWideSNP_6_H10_730114	6	153725720	154460578	588	0.0247
FAMED_p_TCGAb66and76_SNP_N_GenomeWideSNP_6_H10_730114	6	154467293	160973221	4098	0.0578
FAMED_p_TCGAb66and76_SNP_N_GenomeWideSNP_6_H10_730114	6	160973339	161992584	838	-0.0142
FAMED_p_TCGAb66and76_SNP_N_GenomeWideSNP_6_H10_730114	6	162045027	162215598	45	-1.1252
FAMED_p_TCGAb66and76_SNP_N_GenomeWideSNP_6_H10_730114	6	162700862	165026294	1440	-0.009
FAMED_p_TCGAb66and76_SNP_N_GenomeWideSNP_6_H10_730114	6	165026420	170596889	2402	0.0653
FAMED_p_TCGAb66and76_SNP_N_GenomeWideSNP_6_H10_730114	7	664936	9201973	3378	0.6123
FAMED_p_TCGAb66and76_SNP_N_GenomeWideSNP_6_H10_730114	7	9201983	12579010	1990	0.5561
FAMED_p_TCGAb66and76_SNP_N_GenomeWideSNP_6_H10_730114	7	12579117	13120036	344	0.6595
FAMED_p_TCGAb66and76_SNP_N_GenomeWideSNP_6_H10_730114	7	13121112	15769550	1912	0.5553
FAMED_p_TCGAb66and76_SNP_N_GenomeWideSNP_6_H10_730114	7	15771833	22772010	3946	0.5967
FAMED_p_TCGAb66and76_SNP_N_GenomeWideSNP_6_H10_730114	7	22772302	23995508	783	0.5487
FAMED_p_TCGAb66and76_SNP_N_GenomeWideSNP_6_H10_730114	7	24000259	24000764	2	1.7868
FAMED_p_TCGAb66and76_SNP_N_GenomeWideSNP_6_H10_730114	7	24001198	24896479	748	0.5381
FAMED_p_TCGAb66and76_SNP_N_GenomeWideSNP_6_H10_730114	7	24896703	36436163	7483	0.5943
FAMED_p_TCGAb66and76_SNP_N_GenomeWideSNP_6_H10_730114	7	36439933	36439994	2	-0.8218
FAMED_p_TCGAb66and76_SNP_N_GenomeWideSNP_6_H10_730114	7	36441238	36806561	304	0.5748
FAMED_p_TCGAb66and76_SNP_N_GenomeWideSNP_6_H10_730114	7	36808686	37380810	405	0.5258
FAMED_p_TCGAb66and76_SNP_N_GenomeWideSNP_6_H10_730114	7	37382535	37382595	2	-0.4942
FAMED_p_TCGAb66and76_SNP_N_GenomeWideSNP_6_H10_730114	7	37387149	38655316	898	0.5103
FAMED_p_TCGAb66and76_SNP_N_GenomeWideSNP_6_H10_730114	7	38655529	40398891	1055	0.5769
FAMED_p_TCGAb66and76_SNP_N_GenomeWideSNP_6_H10_730114	7	40449484	41457643	661	0.0547
FAMED_p_TCGAb66and76_SNP_N_GenomeWideSNP_6_H10_730114	7	41459675	41537910	76	0.5967
FAMED_p_TCGAb66and76_SNP_N_GenomeWideSNP_6_H10_730114	7	41542843	42597408	786	0.5194
FAMED_p_TCGAb66and76_SNP_N_GenomeWideSNP_6_H10_730114	7	42597796	45792467	1419	0.6006
FAMED_p_TCGAb66and76_SNP_N_GenomeWideSNP_6_H10_730114	7	45822404	48100540	1723	0.0632
FAMED_p_TCGAb66and76_SNP_N_GenomeWideSNP_6_H10_730114	7	48103355	50663476	1755	0.0086
FAMED_p_TCGAb66and76_SNP_N_GenomeWideSNP_6_H10_730114	7	50666460	52762462	1589	0.0682
FAMED_p_TCGAb66and76_SNP_N_GenomeWideSNP_6_H10_730114	7	52763164	57184979	2418	0.5652
FAMED_p_TCGAb66and76_SNP_N_GenomeWideSNP_6_H10_730114	7	57185111	70226489	2751	0.0225
FAMED_p_TCGAb66and76_SNP_N_GenomeWideSNP_6_H10_730114	7	70230549	77123097	2317	0.0741
FAMED_p_TCGAb66and76_SNP_N_GenomeWideSNP_6_H10_730114	7	77127694	83321111	3929	0.0365
FAMED_p_TCGAb66and76_SNP_N_GenomeWideSNP_6_H10_730114	7	83322578	83390716	51	0.5211
FAMED_p_TCGAb66and76_SNP_N_GenomeWideSNP_6_H10_730114	7	83390841	97381896	7184	0.0111
FAMED_p_TCGAb66and76_SNP_N_GenomeWideSNP_6_H10_730114	7	97382893	105742110	3751	0.0609
FAMED_p_TCGAb66and76_SNP_N_GenomeWideSNP_6_H10_730114	7	105742282	111135533	3227	0.0204
FAMED_p_TCGAb66and76_SNP_N_GenomeWideSNP_6_H10_730114	7	111712844	116507854	2441	0.563
FAMED_p_TCGAb66and76_SNP_N_GenomeWideSNP_6_H10_730114	7	116508895	118463384	1213	0.6327
FAMED_p_TCGAb66and76_SNP_N_GenomeWideSNP_6_H10_730114	7	118465353	127273060	4790	0.5662
FAMED_p_TCGAb66and76_SNP_N_GenomeWideSNP_6_H10_730114	7	127274647	142038226	8570	1.2557
FAMED_p_TCGAb66and76_SNP_N_GenomeWideSNP_6_H10_730114	7	142201936	143122756	274	-0.8201
FAMED_p_TCGAb66and76_SNP_N_GenomeWideSNP_6_H10_730114	7	143200677	144109525	323	1.3011
FAMED_p_TCGAb66and76_SNP_N_GenomeWideSNP_6_H10_730114	7	144110051	149214437	2889	-0.8548
FAMED_p_TCGAb66and76_SNP_N_GenomeWideSNP_6_H10_730114	7	149216553	158592540	4751	-0.7827
FAMED_p_TCGAb66and76_SNP_N_GenomeWideSNP_6_H10_730114	8	667625	14727829	6853	-0.8129
FAMED_p_TCGAb66and76_SNP_N_GenomeWideSNP_6_H10_730114	8	14728012	16724188	1324	-0.88
FAMED_p_TCGAb66and76_SNP_N_GenomeWideSNP_6_H10_730114	8	16724609	23938806	5362	-0.7882
FAMED_p_TCGAb66and76_SNP_N_GenomeWideSNP_6_H10_730114	8	23939039	23939562	2	-2.7528
FAMED_p_TCGAb66and76_SNP_N_GenomeWideSNP_6_H10_730114	8	23939885	37581304	8549	-0.8085
FAMED_p_TCGAb66and76_SNP_N_GenomeWideSNP_6_H10_730114	8	37592120	38107738	181	1.3511
FAMED_p_TCGAb66and76_SNP_N_GenomeWideSNP_6_H10_730114	8	38112562	43080575	2838	0.5987
FAMED_p_TCGAb66and76_SNP_N_GenomeWideSNP_6_H10_730114	8	46547532	49701785	1433	0.0178
FAMED_p_TCGAb66and76_SNP_N_GenomeWideSNP_6_H10_730114	8	49705060	49791524	51	0.6618
FAMED_p_TCGAb66and76_SNP_N_GenomeWideSNP_6_H10_730114	8	49806777	50994970	637	0.0068
FAMED_p_TCGAb66and76_SNP_N_GenomeWideSNP_6_H10_730114	8	50998664	51019388	18	0.4952
FAMED_p_TCGAb66and76_SNP_N_GenomeWideSNP_6_H10_730114	8	51022579	51027048	3	0.9592
FAMED_p_TCGAb66and76_SNP_N_GenomeWideSNP_6_H10_730114	8	51027386	53520213	1462	0.0474
FAMED_p_TCGAb66and76_SNP_N_GenomeWideSNP_6_H10_730114	8	53523944	53581900	48	0.545
FAMED_p_TCGAb66and76_SNP_N_GenomeWideSNP_6_H10_730114	8	53583117	53623431	29	0.0906
FAMED_p_TCGAb66and76_SNP_N_GenomeWideSNP_6_H10_730114	8	53625222	54089004	235	0.5715
FAMED_p_TCGAb66and76_SNP_N_GenomeWideSNP_6_H10_730114	8	54089139	54168629	34	-0.0964
FAMED_p_TCGAb66and76_SNP_N_GenomeWideSNP_6_H10_730114	8	54172222	54211977	20	0.4983
FAMED_p_TCGAb66and76_SNP_N_GenomeWideSNP_6_H10_730114	8	54216000	55166032	667	0.0261
FAMED_p_TCGAb66and76_SNP_N_GenomeWideSNP_6_H10_730114	8	55166677	55526263	290	0.5621
FAMED_p_TCGAb66and76_SNP_N_GenomeWideSNP_6_H10_730114	8	55529439	56133754	261	0.0354
FAMED_p_TCGAb66and76_SNP_N_GenomeWideSNP_6_H10_730114	8	56186628	56680466	274	0.5733
FAMED_p_TCGAb66and76_SNP_N_GenomeWideSNP_6_H10_730114	8	56682148	57296594	374	0.017
FAMED_p_TCGAb66and76_SNP_N_GenomeWideSNP_6_H10_730114	8	57299222	59769633	1633	-0.0385
FAMED_p_TCGAb66and76_SNP_N_GenomeWideSNP_6_H10_730114	8	59770557	63014818	2132	0.0299
FAMED_p_TCGAb66and76_SNP_N_GenomeWideSNP_6_H10_730114	8	63017918	63051021	15	0.6048
FAMED_p_TCGAb66and76_SNP_N_GenomeWideSNP_6_H10_730114	8	63054342	66369653	1710	-0.0034
FAMED_p_TCGAb66and76_SNP_N_GenomeWideSNP_6_H10_730114	8	66371687	98533920	18499	0.5599
FAMED_p_TCGAb66and76_SNP_N_GenomeWideSNP_6_H10_730114	8	98534453	98627820	39	0.0245
FAMED_p_TCGAb66and76_SNP_N_GenomeWideSNP_6_H10_730114	8	98632589	103348297	2668	0.5855
FAMED_p_TCGAb66and76_SNP_N_GenomeWideSNP_6_H10_730114	8	103349626	117317255	7453	0.5305
FAMED_p_TCGAb66and76_SNP_N_GenomeWideSNP_6_H10_730114	8	117317789	128125804	7444	0.5824
FAMED_p_TCGAb66and76_SNP_N_GenomeWideSNP_6_H10_730114	8	128126417	138131668	7297	0.5572
FAMED_p_TCGAb66and76_SNP_N_GenomeWideSNP_6_H10_730114	8	138132671	139910045	1465	0.6053
FAMED_p_TCGAb66and76_SNP_N_GenomeWideSNP_6_H10_730114	8	139919861	140277893	273	0.0862
FAMED_p_TCGAb66and76_SNP_N_GenomeWideSNP_6_H10_730114	8	140278670	144182542	736	0.6212
FAMED_p_TCGAb66and76_SNP_N_GenomeWideSNP_6_H10_730114	9	789794	10541982	5893	0.0442
FAMED_p_TCGAb66and76_SNP_N_GenomeWideSNP_6_H10_730114	9	10542045	10542197	2	-1.6922
FAMED_p_TCGAb66and76_SNP_N_GenomeWideSNP_6_H10_730114	9	10542221	16430785	3526	0.0667
FAMED_p_TCGAb66and76_SNP_N_GenomeWideSNP_6_H10_730114	9	16431232	17442118	772	-0.0171
FAMED_p_TCGAb66and76_SNP_N_GenomeWideSNP_6_H10_730114	9	17447753	20883971	2766	0.0674
FAMED_p_TCGAb66and76_SNP_N_GenomeWideSNP_6_H10_730114	9	20887713	32048368	6530	0.0123
FAMED_p_TCGAb66and76_SNP_N_GenomeWideSNP_6_H10_730114	9	32050832	78519678	11244	0.0629
FAMED_p_TCGAb66and76_SNP_N_GenomeWideSNP_6_H10_730114	9	78520108	81021370	1872	-0.0046
FAMED_p_TCGAb66and76_SNP_N_GenomeWideSNP_6_H10_730114	9	81021451	88671891	5215	0.0392
FAMED_p_TCGAb66and76_SNP_N_GenomeWideSNP_6_H10_730114	9	88677032	98580000	6289	0.0724
FAMED_p_TCGAb66and76_SNP_N_GenomeWideSNP_6_H10_730114	9	98580231	104355693	3346	0.0246
FAMED_p_TCGAb66and76_SNP_N_GenomeWideSNP_6_H10_730114	9	104360264	104363524	2	-1.3616
FAMED_p_TCGAb66and76_SNP_N_GenomeWideSNP_6_H10_730114	9	104367820	106355913	1339	0.0401
FAMED_p_TCGAb66and76_SNP_N_GenomeWideSNP_6_H10_730114	9	106356271	109830848	2815	0.1001
FAMED_p_TCGAb66and76_SNP_N_GenomeWideSNP_6_H10_730114	9	109834682	113190098	2130	0.049
FAMED_p_TCGAb66and76_SNP_N_GenomeWideSNP_6_H10_730114	9	113192583	115363986	1605	0.1002
FAMED_p_TCGAb66and76_SNP_N_GenomeWideSNP_6_H10_730114	9	115364518	121508607	4497	0.0496
FAMED_p_TCGAb66and76_SNP_N_GenomeWideSNP_6_H10_730114	9	121508783	124285295	1759	0.1018
FAMED_p_TCGAb66and76_SNP_N_GenomeWideSNP_6_H10_730114	9	124288265	124289343	2	1.5418
FAMED_p_TCGAb66and76_SNP_N_GenomeWideSNP_6_H10_730114	9	124290224	138044505	7048	0.0999
FAMED_p_TCGAb66and76_SNP_N_GenomeWideSNP_6_H10_730114	10	366509	3897536	2036	0.0848
FAMED_p_TCGAb66and76_SNP_N_GenomeWideSNP_6_H10_730114	10	3898181	3898426	2	-1.4347
FAMED_p_TCGAb66and76_SNP_N_GenomeWideSNP_6_H10_730114	10	3898983	6431136	2018	0.0902
FAMED_p_TCGAb66and76_SNP_N_GenomeWideSNP_6_H10_730114	10	6431164	9766699	2483	0.023
FAMED_p_TCGAb66and76_SNP_N_GenomeWideSNP_6_H10_730114	10	9766751	15706479	4751	0.0667
FAMED_p_TCGAb66and76_SNP_N_GenomeWideSNP_6_H10_730114	10	15707444	18934183	2303	0.0272
FAMED_p_TCGAb66and76_SNP_N_GenomeWideSNP_6_H10_730114	10	18945795	20577923	1207	-0.0158
FAMED_p_TCGAb66and76_SNP_N_GenomeWideSNP_6_H10_730114	10	20577994	53445295	17037	0.0464
FAMED_p_TCGAb66and76_SNP_N_GenomeWideSNP_6_H10_730114	10	53447468	57205864	1791	-0.0038
FAMED_p_TCGAb66and76_SNP_N_GenomeWideSNP_6_H10_730114	10	57206911	62383597	3600	0.0607
FAMED_p_TCGAb66and76_SNP_N_GenomeWideSNP_6_H10_730114	10	62384334	67914590	3035	0.0232
FAMED_p_TCGAb66and76_SNP_N_GenomeWideSNP_6_H10_730114	10	67916625	81385763	8153	0.0683
FAMED_p_TCGAb66and76_SNP_N_GenomeWideSNP_6_H10_730114	10	81387712	83414393	1440	0.0044
FAMED_p_TCGAb66and76_SNP_N_GenomeWideSNP_6_H10_730114	10	83414638	105655732	13410	0.0561
FAMED_p_TCGAb66and76_SNP_N_GenomeWideSNP_6_H10_730114	10	105656104	108942229	2244	-0.0061
FAMED_p_TCGAb66and76_SNP_N_GenomeWideSNP_6_H10_730114	10	108942423	111746769	1798	0.0538
FAMED_p_TCGAb66and76_SNP_N_GenomeWideSNP_6_H10_730114	10	111747499	115453507	2525	0.0898
FAMED_p_TCGAb66and76_SNP_N_GenomeWideSNP_6_H10_730114	10	115456913	118296258	2005	0.0352
FAMED_p_TCGAb66and76_SNP_N_GenomeWideSNP_6_H10_730114	10	118297200	120747039	1729	0.073
FAMED_p_TCGAb66and76_SNP_N_GenomeWideSNP_6_H10_730114	10	120750062	120750851	3	-0.9828
FAMED_p_TCGAb66and76_SNP_N_GenomeWideSNP_6_H10_730114	10	120750877	122818080	1711	0.0927
FAMED_p_TCGAb66and76_SNP_N_GenomeWideSNP_6_H10_730114	10	122818241	122818365	2	-2.888
FAMED_p_TCGAb66and76_SNP_N_GenomeWideSNP_6_H10_730114	10	122819819	133411599	6249	0.073
FAMED_p_TCGAb66and76_SNP_N_GenomeWideSNP_6_H10_730114	11	456012	3657448	1081	0.1125
FAMED_p_TCGAb66and76_SNP_N_GenomeWideSNP_6_H10_730114	11	3658428	11206431	5014	0.055
FAMED_p_TCGAb66and76_SNP_N_GenomeWideSNP_6_H10_730114	11	11206754	12308374	1050	0.0911
FAMED_p_TCGAb66and76_SNP_N_GenomeWideSNP_6_H10_730114	11	12315765	12315776	2	-1.4414
FAMED_p_TCGAb66and76_SNP_N_GenomeWideSNP_6_H10_730114	11	12317262	20359791	5650	0.0693
FAMED_p_TCGAb66and76_SNP_N_GenomeWideSNP_6_H10_730114	11	20361816	20582027	162	0.0109
FAMED_p_TCGAb66and76_SNP_N_GenomeWideSNP_6_H10_730114	11	20583294	20584437	4	-1.2328
FAMED_p_TCGAb66and76_SNP_N_GenomeWideSNP_6_H10_730114	11	20584911	26573092	4036	0.0105
FAMED_p_TCGAb66and76_SNP_N_GenomeWideSNP_6_H10_730114	11	26574480	28099439	992	0.0853
FAMED_p_TCGAb66and76_SNP_N_GenomeWideSNP_6_H10_730114	11	28101969	28950889	428	0.02
FAMED_p_TCGAb66and76_SNP_N_GenomeWideSNP_6_H10_730114	11	28951622	29041395	65	-0.3299
FAMED_p_TCGAb66and76_SNP_N_GenomeWideSNP_6_H10_730114	11	29045466	31829323	1650	-0.0067
FAMED_p_TCGAb66and76_SNP_N_GenomeWideSNP_6_H10_730114	11	31831237	36899195	3655	0.066
FAMED_p_TCGAb66and76_SNP_N_GenomeWideSNP_6_H10_730114	11	36901122	42885545	3386	0
FAMED_p_TCGAb66and76_SNP_N_GenomeWideSNP_6_H10_730114	11	42888362	69200189	9339	0.0632
FAMED_p_TCGAb66and76_SNP_N_GenomeWideSNP_6_H10_730114	11	69205892	71863355	1420	0.1144
FAMED_p_TCGAb66and76_SNP_N_GenomeWideSNP_6_H10_730114	11	71864144	79154617	3963	0.0616
FAMED_p_TCGAb66and76_SNP_N_GenomeWideSNP_6_H10_730114	11	79154769	103738350	15447	0.0263
FAMED_p_TCGAb66and76_SNP_N_GenomeWideSNP_6_H10_730114	11	103744139	104648316	633	-0.0655
FAMED_p_TCGAb66and76_SNP_N_GenomeWideSNP_6_H10_730114	11	104789903	110911379	3605	0.0115
FAMED_p_TCGAb66and76_SNP_N_GenomeWideSNP_6_H10_730114	11	110911596	121694233	7577	0.0733
FAMED_p_TCGAb66and76_SNP_N_GenomeWideSNP_6_H10_730114	11	121694367	128755912	5230	0.026
FAMED_p_TCGAb66and76_SNP_N_GenomeWideSNP_6_H10_730114	11	128756878	131334995	1638	0.0919
FAMED_p_TCGAb66and76_SNP_N_GenomeWideSNP_6_H10_730114	11	131335043	133651877	1545	0.0164
FAMED_p_TCGAb66and76_SNP_N_GenomeWideSNP_6_H10_730114	11	133652311	134272740	271	0.0853
FAMED_p_TCGAb66and76_SNP_N_GenomeWideSNP_6_H10_730114	12	780472	7541421	4087	0.078
FAMED_p_TCGAb66and76_SNP_N_GenomeWideSNP_6_H10_730114	12	7545280	10216450	1097	-0.001
FAMED_p_TCGAb66and76_SNP_N_GenomeWideSNP_6_H10_730114	12	10217562	17140511	4217	0.0755
FAMED_p_TCGAb66and76_SNP_N_GenomeWideSNP_6_H10_730114	12	17141570	18569435	854	0.0282
FAMED_p_TCGAb66and76_SNP_N_GenomeWideSNP_6_H10_730114	12	18570817	18571622	2	-1.5683
FAMED_p_TCGAb66and76_SNP_N_GenomeWideSNP_6_H10_730114	12	18573364	23358313	3018	0.0404
FAMED_p_TCGAb66and76_SNP_N_GenomeWideSNP_6_H10_730114	12	23363209	25225739	1138	-0.0236
FAMED_p_TCGAb66and76_SNP_N_GenomeWideSNP_6_H10_730114	12	25226236	25492303	239	0.0266
FAMED_p_TCGAb66and76_SNP_N_GenomeWideSNP_6_H10_730114	12	25492430	38999921	5202	0.0497
FAMED_p_TCGAb66and76_SNP_N_GenomeWideSNP_6_H10_730114	12	39002388	46903749	4399	0.0084
FAMED_p_TCGAb66and76_SNP_N_GenomeWideSNP_6_H10_730114	12	46904183	59248498	6713	0.0665
FAMED_p_TCGAb66and76_SNP_N_GenomeWideSNP_6_H10_730114	12	59249698	62741297	2031	-0.0151
FAMED_p_TCGAb66and76_SNP_N_GenomeWideSNP_6_H10_730114	12	62742263	68760225	3867	0.0377
FAMED_p_TCGAb66and76_SNP_N_GenomeWideSNP_6_H10_730114	12	68763769	72109987	2134	0.0847
FAMED_p_TCGAb66and76_SNP_N_GenomeWideSNP_6_H10_730114	12	72110327	103368860	19073	0.0303
FAMED_p_TCGAb66and76_SNP_N_GenomeWideSNP_6_H10_730114	12	103369509	132605822	16451	0.0673
FAMED_p_TCGAb66and76_SNP_N_GenomeWideSNP_6_H10_730114	13	18874255	34423309	9728	0.0498
FAMED_p_TCGAb66and76_SNP_N_GenomeWideSNP_6_H10_730114	13	34423380	38453940	2657	-0.0101
FAMED_p_TCGAb66and76_SNP_N_GenomeWideSNP_6_H10_730114	13	38454327	41380023	1969	0.0311
FAMED_p_TCGAb66and76_SNP_N_GenomeWideSNP_6_H10_730114	13	41384587	46274372	3048	0.0649
FAMED_p_TCGAb66and76_SNP_N_GenomeWideSNP_6_H10_730114	13	46279321	64708530	8941	0.0168
FAMED_p_TCGAb66and76_SNP_N_GenomeWideSNP_6_H10_730114	13	64726321	64825923	73	0.6508
FAMED_p_TCGAb66and76_SNP_N_GenomeWideSNP_6_H10_730114	13	64898325	71210046	3338	-0.0143
FAMED_p_TCGAb66and76_SNP_N_GenomeWideSNP_6_H10_730114	13	71210489	74020397	1888	0.0776
FAMED_p_TCGAb66and76_SNP_N_GenomeWideSNP_6_H10_730114	13	74020426	75893492	1330	0.0294
FAMED_p_TCGAb66and76_SNP_N_GenomeWideSNP_6_H10_730114	13	75895322	76180519	248	0.0953
FAMED_p_TCGAb66and76_SNP_N_GenomeWideSNP_6_H10_730114	13	76187051	78971378	1788	-0.0022
FAMED_p_TCGAb66and76_SNP_N_GenomeWideSNP_6_H10_730114	13	78972844	80385072	896	0.0754
FAMED_p_TCGAb66and76_SNP_N_GenomeWideSNP_6_H10_730114	13	80385257	85009323	2549	0.0044
FAMED_p_TCGAb66and76_SNP_N_GenomeWideSNP_6_H10_730114	13	85010987	86060659	682	0.0696
FAMED_p_TCGAb66and76_SNP_N_GenomeWideSNP_6_H10_730114	13	86063064	87423382	687	0.0059
FAMED_p_TCGAb66and76_SNP_N_GenomeWideSNP_6_H10_730114	13	87428721	87430128	2	-1.4705
FAMED_p_TCGAb66and76_SNP_N_GenomeWideSNP_6_H10_730114	13	87444139	89983186	1434	-0.0241
FAMED_p_TCGAb66and76_SNP_N_GenomeWideSNP_6_H10_730114	13	89983858	91663903	1028	0.0463
FAMED_p_TCGAb66and76_SNP_N_GenomeWideSNP_6_H10_730114	13	91664326	95383811	2561	-0.0081
FAMED_p_TCGAb66and76_SNP_N_GenomeWideSNP_6_H10_730114	13	95386066	100793335	3293	0.0763
FAMED_p_TCGAb66and76_SNP_N_GenomeWideSNP_6_H10_730114	13	100793944	105787017	3468	0.0203
FAMED_p_TCGAb66and76_SNP_N_GenomeWideSNP_6_H10_730114	13	105787672	107121200	996	0.0998
FAMED_p_TCGAb66and76_SNP_N_GenomeWideSNP_6_H10_730114	13	107123528	109333290	1765	0.0476
FAMED_p_TCGAb66and76_SNP_N_GenomeWideSNP_6_H10_730114	13	109333596	114226675	2778	0.0988
FAMED_p_TCGAb66and76_SNP_N_GenomeWideSNP_6_H10_730114	14	20033191	25595417	2509	0.0777
FAMED_p_TCGAb66and76_SNP_N_GenomeWideSNP_6_H10_730114	14	25595492	30217364	2576	0.0042
FAMED_p_TCGAb66and76_SNP_N_GenomeWideSNP_6_H10_730114	14	30217747	40168468	5907	0.0607
FAMED_p_TCGAb66and76_SNP_N_GenomeWideSNP_6_H10_730114	14	40170253	53390702	6729	0.013
FAMED_p_TCGAb66and76_SNP_N_GenomeWideSNP_6_H10_730114	14	53391152	59811906	4268	0.0624
FAMED_p_TCGAb66and76_SNP_N_GenomeWideSNP_6_H10_730114	14	59812866	60579271	423	-0.01
FAMED_p_TCGAb66and76_SNP_N_GenomeWideSNP_6_H10_730114	14	60587054	60600097	2	-1.1882
FAMED_p_TCGAb66and76_SNP_N_GenomeWideSNP_6_H10_730114	14	60600559	62973510	1494	0.0238
FAMED_p_TCGAb66and76_SNP_N_GenomeWideSNP_6_H10_730114	14	62973809	73765366	6402	0.0645
FAMED_p_TCGAb66and76_SNP_N_GenomeWideSNP_6_H10_730114	14	73777655	73778904	3	-0.9953
FAMED_p_TCGAb66and76_SNP_N_GenomeWideSNP_6_H10_730114	14	73780707	78922070	3342	0.0732
FAMED_p_TCGAb66and76_SNP_N_GenomeWideSNP_6_H10_730114	14	78922299	88696584	6233	-0.0017
FAMED_p_TCGAb66and76_SNP_N_GenomeWideSNP_6_H10_730114	14	88696896	98783478	6830	0.0639
FAMED_p_TCGAb66and76_SNP_N_GenomeWideSNP_6_H10_730114	14	98974537	98974594	2	-1.3663
FAMED_p_TCGAb66and76_SNP_N_GenomeWideSNP_6_H10_730114	14	98982127	105533894	3149	0.0961
FAMED_p_TCGAb66and76_SNP_N_GenomeWideSNP_6_H10_730114	15	23437561	24702029	558	0.0891
FAMED_p_TCGAb66and76_SNP_N_GenomeWideSNP_6_H10_730114	15	24711247	27543967	1909	0.0316
FAMED_p_TCGAb66and76_SNP_N_GenomeWideSNP_6_H10_730114	15	27544553	31385388	619	0.0967
FAMED_p_TCGAb66and76_SNP_N_GenomeWideSNP_6_H10_730114	15	31387813	35475086	2144	0.6135
FAMED_p_TCGAb66and76_SNP_N_GenomeWideSNP_6_H10_730114	15	35475511	36356129	611	0.0396
FAMED_p_TCGAb66and76_SNP_N_GenomeWideSNP_6_H10_730114	15	36357119	37419764	765	-0.7869
FAMED_p_TCGAb66and76_SNP_N_GenomeWideSNP_6_H10_730114	15	37423871	38159415	456	0.0844
FAMED_p_TCGAb66and76_SNP_N_GenomeWideSNP_6_H10_730114	15	38164823	38679299	343	-0.7572
FAMED_p_TCGAb66and76_SNP_N_GenomeWideSNP_6_H10_730114	15	38685066	40878934	1422	0.0848
FAMED_p_TCGAb66and76_SNP_N_GenomeWideSNP_6_H10_730114	15	40880733	41406696	206	0.6199
FAMED_p_TCGAb66and76_SNP_N_GenomeWideSNP_6_H10_730114	15	41406923	41550701	59	0.0427
FAMED_p_TCGAb66and76_SNP_N_GenomeWideSNP_6_H10_730114	15	41553819	41629712	41	0.5928
FAMED_p_TCGAb66and76_SNP_N_GenomeWideSNP_6_H10_730114	15	41630081	56129330	8509	0.0573
FAMED_p_TCGAb66and76_SNP_N_GenomeWideSNP_6_H10_730114	15	56132612	60455364	2774	-0.7688
FAMED_p_TCGAb66and76_SNP_N_GenomeWideSNP_6_H10_730114	15	60459488	60459577	2	-2.6572
FAMED_p_TCGAb66and76_SNP_N_GenomeWideSNP_6_H10_730114	15	60467423	61019519	483	-0.7857
FAMED_p_TCGAb66and76_SNP_N_GenomeWideSNP_6_H10_730114	15	61019766	61020084	4	-1.8588
FAMED_p_TCGAb66and76_SNP_N_GenomeWideSNP_6_H10_730114	15	61020363	63383242	1865	-0.7871
FAMED_p_TCGAb66and76_SNP_N_GenomeWideSNP_6_H10_730114	15	63385304	65648460	1061	0.0702
FAMED_p_TCGAb66and76_SNP_N_GenomeWideSNP_6_H10_730114	15	65658190	67119711	1024	-0.763
FAMED_p_TCGAb66and76_SNP_N_GenomeWideSNP_6_H10_730114	15	67120717	67131220	9	0.0668
FAMED_p_TCGAb66and76_SNP_N_GenomeWideSNP_6_H10_730114	15	67133118	67159436	27	-0.6837
FAMED_p_TCGAb66and76_SNP_N_GenomeWideSNP_6_H10_730114	15	67161551	67166592	4	-1.448
FAMED_p_TCGAb66and76_SNP_N_GenomeWideSNP_6_H10_730114	15	67167603	67203317	25	-0.7873
FAMED_p_TCGAb66and76_SNP_N_GenomeWideSNP_6_H10_730114	15	67206895	69079076	1128	0.0945
FAMED_p_TCGAb66and76_SNP_N_GenomeWideSNP_6_H10_730114	15	69082724	69333988	139	-0.7337
FAMED_p_TCGAb66and76_SNP_N_GenomeWideSNP_6_H10_730114	15	69337483	75017004	3345	0.0984
FAMED_p_TCGAb66and76_SNP_N_GenomeWideSNP_6_H10_730114	15	75020411	78353254	1482	-0.7295
FAMED_p_TCGAb66and76_SNP_N_GenomeWideSNP_6_H10_730114	15	78355820	91957842	8048	0.0722
FAMED_p_TCGAb66and76_SNP_N_GenomeWideSNP_6_H10_730114	15	91961997	92909067	903	-0.7679
FAMED_p_TCGAb66and76_SNP_N_GenomeWideSNP_6_H10_730114	15	92910935	98643750	3562	0.0695
FAMED_p_TCGAb66and76_SNP_N_GenomeWideSNP_6_H10_730114	15	98654662	101344124	1344	-0.7833
FAMED_p_TCGAb66and76_SNP_N_GenomeWideSNP_6_H10_730114	16	603333	1532305	159	0.6784
FAMED_p_TCGAb66and76_SNP_N_GenomeWideSNP_6_H10_730114	16	1535114	2862082	437	0.1019
FAMED_p_TCGAb66and76_SNP_N_GenomeWideSNP_6_H10_730114	16	2866093	3801224	401	0.5958
FAMED_p_TCGAb66and76_SNP_N_GenomeWideSNP_6_H10_730114	16	3802433	3802528	2	-0.6038
FAMED_p_TCGAb66and76_SNP_N_GenomeWideSNP_6_H10_730114	16	3805649	4356894	307	0.6104
FAMED_p_TCGAb66and76_SNP_N_GenomeWideSNP_6_H10_730114	16	4365321	4435985	24	0.1257
FAMED_p_TCGAb66and76_SNP_N_GenomeWideSNP_6_H10_730114	16	4437452	4499672	49	0.5993
FAMED_p_TCGAb66and76_SNP_N_GenomeWideSNP_6_H10_730114	16	4501829	5446372	551	0.1117
FAMED_p_TCGAb66and76_SNP_N_GenomeWideSNP_6_H10_730114	16	5446782	5460605	6	-0.6828
FAMED_p_TCGAb66and76_SNP_N_GenomeWideSNP_6_H10_730114	16	5469599	5824638	289	0.0977
FAMED_p_TCGAb66and76_SNP_N_GenomeWideSNP_6_H10_730114	16	5835018	5897448	68	0.6048
FAMED_p_TCGAb66and76_SNP_N_GenomeWideSNP_6_H10_730114	16	5961339	6054117	102	0.1094
FAMED_p_TCGAb66and76_SNP_N_GenomeWideSNP_6_H10_730114	16	6089139	6561882	379	0.6101
FAMED_p_TCGAb66and76_SNP_N_GenomeWideSNP_6_H10_730114	16	6562736	7739609	497	0.0941
FAMED_p_TCGAb66and76_SNP_N_GenomeWideSNP_6_H10_730114	16	7741217	8075070	121	0.6347
FAMED_p_TCGAb66and76_SNP_N_GenomeWideSNP_6_H10_730114	16	8077967	9914596	1377	0.1094
FAMED_p_TCGAb66and76_SNP_N_GenomeWideSNP_6_H10_730114	16	9919897	11980473	1492	0.5932
FAMED_p_TCGAb66and76_SNP_N_GenomeWideSNP_6_H10_730114	16	11983651	59684579	16524	0.07
FAMED_p_TCGAb66and76_SNP_N_GenomeWideSNP_6_H10_730114	16	59684853	65340215	3598	0.0116
FAMED_p_TCGAb66and76_SNP_N_GenomeWideSNP_6_H10_730114	16	65341341	76140676	5520	0.0885
FAMED_p_TCGAb66and76_SNP_N_GenomeWideSNP_6_H10_730114	16	76149627	79947232	3456	0.0195
FAMED_p_TCGAb66and76_SNP_N_GenomeWideSNP_6_H10_730114	16	79947818	89317317	5950	0.1005
FAMED_p_TCGAb66and76_SNP_N_GenomeWideSNP_6_H10_730114	17	1074619	7736431	3232	-0.6757
FAMED_p_TCGAb66and76_SNP_N_GenomeWideSNP_6_H10_730114	17	7741014	7753007	3	-2.881
FAMED_p_TCGAb66and76_SNP_N_GenomeWideSNP_6_H10_730114	17	7758490	8908332	633	-0.6947
FAMED_p_TCGAb66and76_SNP_N_GenomeWideSNP_6_H10_730114	17	8910238	20140109	5556	-0.7628
FAMED_p_TCGAb66and76_SNP_N_GenomeWideSNP_6_H10_730114	17	20140497	26943385	356	-0.7055
FAMED_p_TCGAb66and76_SNP_N_GenomeWideSNP_6_H10_730114	17	26943491	28287993	662	0.0796
FAMED_p_TCGAb66and76_SNP_N_GenomeWideSNP_6_H10_730114	17	28293068	28508904	82	-0.6905
FAMED_p_TCGAb66and76_SNP_N_GenomeWideSNP_6_H10_730114	17	28510170	28510520	3	0.2917
FAMED_p_TCGAb66and76_SNP_N_GenomeWideSNP_6_H10_730114	17	28511274	28796798	103	-0.6802
FAMED_p_TCGAb66and76_SNP_N_GenomeWideSNP_6_H10_730114	17	28805609	29640696	373	0.0653
FAMED_p_TCGAb66and76_SNP_N_GenomeWideSNP_6_H10_730114	17	29649718	33280435	1780	-0.7513
FAMED_p_TCGAb66and76_SNP_N_GenomeWideSNP_6_H10_730114	17	33280852	37714971	1916	0.0799
FAMED_p_TCGAb66and76_SNP_N_GenomeWideSNP_6_H10_730114	17	37715665	42002759	1843	-0.7319
FAMED_p_TCGAb66and76_SNP_N_GenomeWideSNP_6_H10_730114	17	42003449	43437078	574	0.0676
FAMED_p_TCGAb66and76_SNP_N_GenomeWideSNP_6_H10_730114	17	43444725	48630445	1916	-0.7297
FAMED_p_TCGAb66and76_SNP_N_GenomeWideSNP_6_H10_730114	17	48639345	52036157	1747	0.0735
FAMED_p_TCGAb66and76_SNP_N_GenomeWideSNP_6_H10_730114	17	52052439	54753045	1472	0.0078
FAMED_p_TCGAb66and76_SNP_N_GenomeWideSNP_6_H10_730114	17	54753712	57298228	1992	0.0774
FAMED_p_TCGAb66and76_SNP_N_GenomeWideSNP_6_H10_730114	17	57300559	57887473	456	-0.7863
FAMED_p_TCGAb66and76_SNP_N_GenomeWideSNP_6_H10_730114	17	57890976	57917599	19	1.9056
FAMED_p_TCGAb66and76_SNP_N_GenomeWideSNP_6_H10_730114	17	57920798	59804741	846	0.0649
FAMED_p_TCGAb66and76_SNP_N_GenomeWideSNP_6_H10_730114	17	59812385	63547188	1741	-0.7421
FAMED_p_TCGAb66and76_SNP_N_GenomeWideSNP_6_H10_730114	17	63552331	64772394	572	0.0509
FAMED_p_TCGAb66and76_SNP_N_GenomeWideSNP_6_H10_730114	17	64787495	64867438	14	-0.7261
FAMED_p_TCGAb66and76_SNP_N_GenomeWideSNP_6_H10_730114	17	64867506	64952455	13	-0.1928
FAMED_p_TCGAb66and76_SNP_N_GenomeWideSNP_6_H10_730114	17	64952808	65288348	228	-0.7863
FAMED_p_TCGAb66and76_SNP_N_GenomeWideSNP_6_H10_730114	17	65290470	65292970	6	0.705
FAMED_p_TCGAb66and76_SNP_N_GenomeWideSNP_6_H10_730114	17	65297521	65373041	49	-0.8054
FAMED_p_TCGAb66and76_SNP_N_GenomeWideSNP_6_H10_730114	17	65374057	65681521	203	2.0533
FAMED_p_TCGAb66and76_SNP_N_GenomeWideSNP_6_H10_730114	17	65682717	68041227	1412	1.7315
FAMED_p_TCGAb66and76_SNP_N_GenomeWideSNP_6_H10_730114	17	68062805	70651025	1649	2.229
FAMED_p_TCGAb66and76_SNP_N_GenomeWideSNP_6_H10_730114	17	70651680	70687363	34	0.5688
FAMED_p_TCGAb66and76_SNP_N_GenomeWideSNP_6_H10_730114	17	70692842	71205313	442	0.9637
FAMED_p_TCGAb66and76_SNP_N_GenomeWideSNP_6_H10_730114	17	71205670	72490542	995	0.1016
FAMED_p_TCGAb66and76_SNP_N_GenomeWideSNP_6_H10_730114	17	72491410	75761306	1436	-0.7384
FAMED_p_TCGAb66and76_SNP_N_GenomeWideSNP_6_H10_730114	17	75768556	78103792	1115	0.0934
FAMED_p_TCGAb66and76_SNP_N_GenomeWideSNP_6_H10_730114	17	78106310	79245328	443	-0.752
FAMED_p_TCGAb66and76_SNP_N_GenomeWideSNP_6_H10_730114	17	79245485	79261263	20	-0.3001
FAMED_p_TCGAb66and76_SNP_N_GenomeWideSNP_6_H10_730114	17	79262073	79271487	9	-0.7668
FAMED_p_TCGAb66and76_SNP_N_GenomeWideSNP_6_H10_730114	17	79272003	79272071	2	-2.3808
FAMED_p_TCGAb66and76_SNP_N_GenomeWideSNP_6_H10_730114	17	79272174	79877519	239	-0.7595
FAMED_p_TCGAb66and76_SNP_N_GenomeWideSNP_6_H10_730114	17	79878996	79879150	4	-2.28
FAMED_p_TCGAb66and76_SNP_N_GenomeWideSNP_6_H10_730114	17	79882816	79997478	75	-0.755
FAMED_p_TCGAb66and76_SNP_N_GenomeWideSNP_6_H10_730114	17	80003498	80005417	4	0.502
FAMED_p_TCGAb66and76_SNP_N_GenomeWideSNP_6_H10_730114	17	80030491	81061328	490	-0.7641
FAMED_p_TCGAb66and76_SNP_N_GenomeWideSNP_6_H10_730114	17	81069175	81951455	207	0.6665
FAMED_p_TCGAb66and76_SNP_N_GenomeWideSNP_6_H10_730114	17	81965842	82066440	16	1.0809
FAMED_p_TCGAb66and76_SNP_N_GenomeWideSNP_6_H10_730114	17	82066659	82306717	38	0.6536
FAMED_p_TCGAb66and76_SNP_N_GenomeWideSNP_6_H10_730114	17	82311405	82916226	303	-0.7385
FAMED_p_TCGAb66and76_SNP_N_GenomeWideSNP_6_H10_730114	17	82916667	82959812	33	0.1241
FAMED_p_TCGAb66and76_SNP_N_GenomeWideSNP_6_H10_730114	18	326691	11445964	6667	0.1173
FAMED_p_TCGAb66and76_SNP_N_GenomeWideSNP_6_H10_730114	18	11445967	11446202	2	-1.7033
FAMED_p_TCGAb66and76_SNP_N_GenomeWideSNP_6_H10_730114	18	11446246	13240191	973	0.1221
FAMED_p_TCGAb66and76_SNP_N_GenomeWideSNP_6_H10_730114	18	13240773	14469466	600	-0.7143
FAMED_p_TCGAb66and76_SNP_N_GenomeWideSNP_6_H10_730114	18	14470640	14660483	47	-0.3889
FAMED_p_TCGAb66and76_SNP_N_GenomeWideSNP_6_H10_730114	18	14661644	23540071	1228	-0.7357
FAMED_p_TCGAb66and76_SNP_N_GenomeWideSNP_6_H10_730114	18	23540461	30496112	4350	-0.8136
FAMED_p_TCGAb66and76_SNP_N_GenomeWideSNP_6_H10_730114	18	30496733	33364117	1866	-0.7447
FAMED_p_TCGAb66and76_SNP_N_GenomeWideSNP_6_H10_730114	18	33370825	47955555	8925	-0.803
FAMED_p_TCGAb66and76_SNP_N_GenomeWideSNP_6_H10_730114	18	47956484	47956558	2	-2.732
FAMED_p_TCGAb66and76_SNP_N_GenomeWideSNP_6_H10_730114	18	47956796	56981654	5884	-0.7879
FAMED_p_TCGAb66and76_SNP_N_GenomeWideSNP_6_H10_730114	18	56982480	58926887	1303	-0.719
FAMED_p_TCGAb66and76_SNP_N_GenomeWideSNP_6_H10_730114	18	58929797	79349796	11132	-0.8006
FAMED_p_TCGAb66and76_SNP_N_GenomeWideSNP_6_H10_730114	19	283868	11053013	3787	0.0765
FAMED_p_TCGAb66and76_SNP_N_GenomeWideSNP_6_H10_730114	19	11057986	11058376	2	-1.4175
FAMED_p_TCGAb66and76_SNP_N_GenomeWideSNP_6_H10_730114	19	11066732	58370362	20466	0.0659
FAMED_p_TCGAb66and76_SNP_N_GenomeWideSNP_6_H10_730114	20	472817	15979499	9791	-0.6941
FAMED_p_TCGAb66and76_SNP_N_GenomeWideSNP_6_H10_730114	20	15980908	15981044	2	-2.6205
FAMED_p_TCGAb66and76_SNP_N_GenomeWideSNP_6_H10_730114	20	15985274	25856889	7060	-0.6818
FAMED_p_TCGAb66and76_SNP_N_GenomeWideSNP_6_H10_730114	20	25858863	26010660	64	0.0247
FAMED_p_TCGAb66and76_SNP_N_GenomeWideSNP_6_H10_730114	20	26091946	36872258	2687	0.6033
FAMED_p_TCGAb66and76_SNP_N_GenomeWideSNP_6_H10_730114	20	36872447	37190393	247	0.4711
FAMED_p_TCGAb66and76_SNP_N_GenomeWideSNP_6_H10_730114	20	37190620	39405820	1380	0.607
FAMED_p_TCGAb66and76_SNP_N_GenomeWideSNP_6_H10_730114	20	39410348	39413403	3	-0.6319
FAMED_p_TCGAb66and76_SNP_N_GenomeWideSNP_6_H10_730114	20	39417485	63588502	16407	0.584
FAMED_p_TCGAb66and76_SNP_N_GenomeWideSNP_6_H10_730114	21	13974127	17988229	2455	0.566
FAMED_p_TCGAb66and76_SNP_N_GenomeWideSNP_6_H10_730114	21	17993032	18032841	31	0.9689
FAMED_p_TCGAb66and76_SNP_N_GenomeWideSNP_6_H10_730114	21	18032911	18335834	221	0.5216
FAMED_p_TCGAb66and76_SNP_N_GenomeWideSNP_6_H10_730114	21	18346587	19386745	739	0.9352
FAMED_p_TCGAb66and76_SNP_N_GenomeWideSNP_6_H10_730114	21	19387233	19978836	386	0.4981
FAMED_p_TCGAb66and76_SNP_N_GenomeWideSNP_6_H10_730114	21	19988220	20210925	126	-0.0326
FAMED_p_TCGAb66and76_SNP_N_GenomeWideSNP_6_H10_730114	21	20217684	20267243	36	-0.8634
FAMED_p_TCGAb66and76_SNP_N_GenomeWideSNP_6_H10_730114	21	20271410	21140026	609	-0.008
FAMED_p_TCGAb66and76_SNP_N_GenomeWideSNP_6_H10_730114	21	21144814	21978535	633	0.5283
FAMED_p_TCGAb66and76_SNP_N_GenomeWideSNP_6_H10_730114	21	21978694	22170124	141	-0.0306
FAMED_p_TCGAb66and76_SNP_N_GenomeWideSNP_6_H10_730114	21	22189781	24296821	974	-0.8086
FAMED_p_TCGAb66and76_SNP_N_GenomeWideSNP_6_H10_730114	21	24297423	25178847	599	-0.0619
FAMED_p_TCGAb66and76_SNP_N_GenomeWideSNP_6_H10_730114	21	25183619	25237828	49	0.4787
FAMED_p_TCGAb66and76_SNP_N_GenomeWideSNP_6_H10_730114	21	25246768	25673655	268	0.8528
FAMED_p_TCGAb66and76_SNP_N_GenomeWideSNP_6_H10_730114	21	25674664	26831754	865	-0.002
FAMED_p_TCGAb66and76_SNP_N_GenomeWideSNP_6_H10_730114	21	26832105	26934293	89	-0.9455
FAMED_p_TCGAb66and76_SNP_N_GenomeWideSNP_6_H10_730114	21	26935774	28799527	1301	-0.0192
FAMED_p_TCGAb66and76_SNP_N_GenomeWideSNP_6_H10_730114	21	28800079	28843173	25	-0.7449
FAMED_p_TCGAb66and76_SNP_N_GenomeWideSNP_6_H10_730114	21	28844272	30671459	1249	0.0204
FAMED_p_TCGAb66and76_SNP_N_GenomeWideSNP_6_H10_730114	21	30672491	30879818	29	-0.727
FAMED_p_TCGAb66and76_SNP_N_GenomeWideSNP_6_H10_730114	21	30880915	31296972	282	-0.0105
FAMED_p_TCGAb66and76_SNP_N_GenomeWideSNP_6_H10_730114	21	31304045	38002327	4413	0.5711
FAMED_p_TCGAb66and76_SNP_N_GenomeWideSNP_6_H10_730114	21	38009793	46262057	5299	0.0756
FAMED_p_TCGAb66and76_SNP_N_GenomeWideSNP_6_H10_730114	22	16934932	48558476	16816	-0.7498
FAMED_p_TCGAb66and76_SNP_N_GenomeWideSNP_6_H10_730114	22	48559640	48561471	3	-2.3785
FAMED_p_TCGAb66and76_SNP_N_GenomeWideSNP_6_H10_730114	22	48564800	48940621	259	-0.8002
FAMED_p_TCGAb66and76_SNP_N_GenomeWideSNP_6_H10_730114	X	3236359	25378145	9630	0.0554
FAMED_p_TCGAb66and76_SNP_N_GenomeWideSNP_6_H10_730114	X	25378635	27764884	1313	-0.029
FAMED_p_TCGAb66and76_SNP_N_GenomeWideSNP_6_H10_730114	X	27765621	27948144	98	0.1964
FAMED_p_TCGAb66and76_SNP_N_GenomeWideSNP_6_H10_730114	X	27948249	30398538	1403	0.0033
FAMED_p_TCGAb66and76_SNP_N_GenomeWideSNP_6_H10_730114	X	30399263	31515899	513	0.0937
FAMED_p_TCGAb66and76_SNP_N_GenomeWideSNP_6_H10_730114	X	31516000	37326929	2349	-0.0299
FAMED_p_TCGAb66and76_SNP_N_GenomeWideSNP_6_H10_730114	X	37327078	51030543	6284	0.0506
FAMED_p_TCGAb66and76_SNP_N_GenomeWideSNP_6_H10_730114	X	51030700	51030857	2	1.8376
FAMED_p_TCGAb66and76_SNP_N_GenomeWideSNP_6_H10_730114	X	51031316	51049438	12	-0.0289
FAMED_p_TCGAb66and76_SNP_N_GenomeWideSNP_6_H10_730114	X	51052688	51087600	29	0.4006
FAMED_p_TCGAb66and76_SNP_N_GenomeWideSNP_6_H10_730114	X	51094506	55608276	1501	0.028
FAMED_p_TCGAb66and76_SNP_N_GenomeWideSNP_6_H10_730114	X	55609486	58247128	1012	-0.0333
FAMED_p_TCGAb66and76_SNP_N_GenomeWideSNP_6_H10_730114	X	58282385	58291715	7	-0.8237
FAMED_p_TCGAb66and76_SNP_N_GenomeWideSNP_6_H10_730114	X	62952913	68054796	1856	-0.0545
FAMED_p_TCGAb66and76_SNP_N_GenomeWideSNP_6_H10_730114	X	68055272	74683360	2710	0.0355
FAMED_p_TCGAb66and76_SNP_N_GenomeWideSNP_6_H10_730114	X	74684856	80222537	1845	-0.0648
FAMED_p_TCGAb66and76_SNP_N_GenomeWideSNP_6_H10_730114	X	80222786	80222845	2	1.7502
FAMED_p_TCGAb66and76_SNP_N_GenomeWideSNP_6_H10_730114	X	80223096	91766052	4803	-0.0533
FAMED_p_TCGAb66and76_SNP_N_GenomeWideSNP_6_H10_730114	X	91768485	91798162	9	-0.9587
FAMED_p_TCGAb66and76_SNP_N_GenomeWideSNP_6_H10_730114	X	91798845	92173086	111	-0.1586
FAMED_p_TCGAb66and76_SNP_N_GenomeWideSNP_6_H10_730114	X	92174667	92314290	106	0.101
FAMED_p_TCGAb66and76_SNP_N_GenomeWideSNP_6_H10_730114	X	92315047	92725552	132	-0.1569
FAMED_p_TCGAb66and76_SNP_N_GenomeWideSNP_6_H10_730114	X	92728302	92730840	2	-2.2679
FAMED_p_TCGAb66and76_SNP_N_GenomeWideSNP_6_H10_730114	X	92737878	95013621	1016	-0.071
FAMED_p_TCGAb66and76_SNP_N_GenomeWideSNP_6_H10_730114	X	95014610	108259167	5689	0.0097
FAMED_p_TCGAb66and76_SNP_N_GenomeWideSNP_6_H10_730114	X	108259193	113463405	2744	-0.0391
FAMED_p_TCGAb66and76_SNP_N_GenomeWideSNP_6_H10_730114	X	113463718	124842337	5558	0.0442
FAMED_p_TCGAb66and76_SNP_N_GenomeWideSNP_6_H10_730114	X	124842475	128718856	1596	-0.0497
FAMED_p_TCGAb66and76_SNP_N_GenomeWideSNP_6_H10_730114	X	128724411	137500131	3883	0.0477
FAMED_p_TCGAb66and76_SNP_N_GenomeWideSNP_6_H10_730114	X	137501369	148897675	5851	-0.0516
FAMED_p_TCGAb66and76_SNP_N_GenomeWideSNP_6_H10_730114	X	148897873	155677414	2359	0.0308
